182, 183, ,  , , ,  ,BOTH, 1, 9
183, 141, ,  , , ,  ,BOTH, 1, 9
141, 184, ,  , , ,  ,BOTH, 1, 9
184, 185, ,  , , ,  ,BOTH, 1, 9
185, 35, , no, , , ,ORIGIN, 1, 9
185, 36, , yes, , , , ORIGIN, 1, 9
35, 37,  ,  no,  ,  ,  ,TRUE, 1, 9 
36, 37,  ,  yes,  ,  ,  ,TRUE, 1, 9
37, 13,  ,  ,  ,  ,  ,TRUE, 1, 9

180, 12, ,  ,  ,  ,  ,ORIGIN, 2, 9
12, 11,  ,  ,  ,  ,  ,TRUE, 2, 9
11, 19,  ,  ,  yes,  ,  ,TRUE, 2, 9
11, 18,   ,  ,  no,  yes,  ,TRUE, 2, 9
11, 17,  ,  ,  no,  no,  ,TRUE, 2, 9 

197, 16, ,  ,  ,  ,  ,ORIGIN, 3, 9
16, 22,  ,  ,  ,  ,  ,TRUE, 3, 9
22, 23,  ,  ,  ,  ,  ,TRUE, 3, 9

181, 224, , ,  ,     , ,BOTH, 4, 9
224, 21, ,  ,  ,  yes,  ,ORIGIN, 4, 9
224, 20, ,  ,  ,  no,  ,ORIGIN, 4, 9
21, 27,  ,  ,  yes,  ,  ,TRUE, 4, 9
20, 27,  ,  ,  no,  ,  ,TRUE, 4, 9
27, 24,  ,  ,  ,  ,  ,TRUE, 4, 9

38, 40,  no,  ,  ,  ,  ,TRUE, 5, 9
39, 40,  yes,  ,  ,  ,  ,TRUE, 5, 9
40, 41,  ,  ,  ,  ,  ,TRUE, 5, 9

179, 42, ,  ,  ,  ,  ,ORIGIN, 6, 9
42, 43,  ,  ,  ,  ,  ,TRUE, 6, 9

178, 44, ,  ,  ,  ,  ,ORIGIN, 7, 9
44, 45,  ,  ,  ,  ,  ,TRUE, 7, 9

177, 199,  , , ,  ,  ,BOTH, 8, 9
199, 46, ,  ,  ,  ,  ,ORIGIN, 8, 9
46, 47,  ,  ,  ,  ,  ,TRUE, 8, 9
47, 48,  ,  ,  ,  ,  ,TRUE, 8, 9

176,49,  ,  ,  ,  ,  ,ORIGIN, 9, 9
49, 50,  ,  ,  ,  ,  ,TRUE, 9, 9
50, 51,  ,  ,  ,  yes,  ,TRUE, 9, 9
50, 52,  ,  ,  ,  no,  ,TRUE, 9, 9

53, 55,  ,  ,  ,  , yes,TRUE, 10, 9
54, 55,  ,  ,  ,  , no,TRUE, 10, 9
55, 56,  ,  ,  ,  ,  ,TRUE, 10, 9

175, 57, ,  ,  ,  ,  ,ORIGIN, 11, 9
57, 58,  ,  ,  ,  ,  ,TRUE, 11, 9
58, 59,  ,  ,  ,  ,  ,TRUE, 11, 9

174, 60, yes,  ,  ,  ,  ,ORIGIN, 12, 9
174, 61, no,   ,  ,  ,  ,ORIGIN, 12, 9
60, 62,  yes,  ,  ,  ,  ,TRUE, 12, 9
61, 62,  no,  ,  ,  ,  ,TRUE, 12, 9
62, 63,  ,  ,  ,  ,  ,TRUE, 12, 9

219, 173, , ,  ,  ,  ,BOTH, 13, 9
173, 201, , ,  ,  ,  ,BOTH, 13, 9
201, 64, ,  ,  ,  ,  ,ORIGIN, 13, 9
64, 65,  ,  ,  ,  ,  ,TRUE, 13, 9

66, 67,  ,  ,  ,  ,  ,TRUE, 14, 9

172, 70, ,  ,  ,  ,  ,ORIGIN, 15, 9
70, 69,  ,  ,  ,  ,  ,TRUE, 15, 9
69, 68,  ,  ,  ,  ,  ,TRUE, 15, 9

189, 171, ,  ,  ,  , ,BOTH, 16, 9
171, 190,  ,  ,  , ,  ,BOTH,16, 9
190, 205,  ,  ,  , ,  ,BOTH,16, 9
205, 71,  ,  ,  ,  ,  ,ORIGIN, 16, 9
71, 72,  ,  ,  ,  ,  ,TRUE, 16, 9
72, 73,  ,  ,  ,  ,  ,TRUE, 16, 9

74, 76,  no,  ,  ,  ,  ,TRUE, 17, 9
75, 76,  yes,  ,  ,  ,  ,TRUE, 17, 9
76, 80,  ,  ,  ,  ,  ,TRUE, 17, 9

170, 81, ,  ,  ,  ,  ,ORIGIN, 18,9
81, 84,  ,  yes,  ,  ,  ,TRUE, 18, 9
82, 84,  yes,  no,  ,  ,  ,TRUE, 18, 9
83, 84,  no,  no,  ,  ,  ,TRUE, 18, 9
84, 227  ,      ,  ,  ,  ,TRUE, 18, 9

169, 86,  ,  ,  ,  no,  ,ORIGIN, 19, 9
169, 87, ,  ,  ,  yes,  ,ORIGIN, 19, 9
86, 85,  ,  ,  ,  no,  ,TRUE, 19, 9
87, 85,  ,  ,  ,  yes,  ,TRUE, 19, 9
85, 223, ,  ,  ,  ,  ,TRUE, 19, 9

89, 88,  ,  ,  ,  ,  ,TRUE, 20, 9

168, 91, ,  ,  ,  ,  ,ORIGIN, 21, 9
91, 90,  ,  ,  ,  ,  ,TRUE, 21, 9

182, 195, ,  , , ,  ,BOTH, 1, 10
195, 196, ,  , , ,  ,BOTH, 1, 10
196, 194, ,  , , ,  ,BOTH, 1, 10
194, 92, , , , , ,ORIGIN, 1, 10
92, 93,  ,  ,  ,  ,  ,TRUE, 1, 10
93, 94,  ,  ,  ,  ,  ,TRUE, 1, 10

180, 97, ,  ,  ,  ,  ,ORIGIN, 2, 10
97, 96,  ,  ,  ,  ,  ,TRUE, 2, 10
96, 95,  ,  ,  ,  ,  ,TRUE, 2, 10

197, 98, ,  ,  ,  ,  ,ORIGIN, 3, 10
98, 99,  ,  ,  ,  ,  ,TRUE, 3, 10
99, 100, ,  ,  ,  ,  ,TRUE, 3, 10

198, 225, , ,  ,  ,  ,BOTH, 4, 10
225, 101, , ,  ,  ,  ,ORIGIN, 4, 10
101, 211, , ,  ,  ,  ,TRUE, 4, 10
211, 212, , ,  ,  ,  ,TRUE, 4, 10

102, 213, , ,  ,  ,  ,TRUE, 5, 10
213, 214, , ,  ,  ,  ,TRUE, 5, 10

179, 103, , ,  ,  ,  ,ORIGIN, 6, 10
103, 104, , ,  ,  ,  ,TRUE, 6, 10

178, 105, , ,  ,  ,  ,ORIGIN, 7, 10
105, 106, , ,  ,  ,  ,TRUE, 7, 10

200, 199, , ,  ,  ,  ,BOTH, 8, 10
199, 107, , ,  ,  ,  ,ORIGIN, 8, 10
107, 108, , ,  ,  ,  ,TRUE, 8, 10
108, 215, , ,  ,  ,  ,TRUE, 8, 10

176, 109, , ,  ,  ,  ,ORIGIN, 9, 10
109, 216, , ,  ,  ,  ,TRUE, 9, 10
216, 208, , ,  ,  ,  ,TRUE, 9, 10

110, 111, , , ,  ,  ,TRUE, 10, 10
111, 209, , , ,  ,  ,TRUE, 10, 10

175, 112, , , ,  ,  ,ORIGIN, 11, 10
112, 113, , , ,  ,  ,TRUE, 11, 10
113, 217, , , ,  ,  ,TRUE, 11, 10

174, 114, , , ,  ,  ,ORIGIN, 12, 10
114, 115, , , ,  ,  ,TRUE, 12, 10
115, 218, , , ,  ,  ,TRUE, 12, 10

219, 203, , , ,  ,  ,BOTH, 13, 10
203, 202, , , ,  ,  ,BOTH, 13, 10
202, 116, , , ,  ,  ,ORIGIN, 13, 10
116, 117, , , ,  ,  ,TRUE, 13, 10

118, 119, , , ,  ,  ,TRUE, 14, 10

172, 120, , , ,  ,  ,ORIGIN, 15, 10
120, 121, , , ,  ,  ,TRUE, 15, 10
121, 210, , , ,  ,  ,TRUE, 15,10

189, 204, , , ,  ,  ,BOTH, 16, 10
204, 206, , , ,  ,  ,BOTH, 16, 10
206, 207, , , ,  ,  ,BOTH, 16, 10
207, 122, , , ,  ,  ,ORIGIN, 16, 10
122, 123, , , ,  ,  ,TRUE, 16, 10
123, 220, , , ,  ,  ,TRUE, 16, 10

124, 125, , , ,  ,  ,TRUE, 17, 10
125, 221, , , ,  ,  ,TRUE, 17, 10

170, 126, , , ,  ,  ,ORIGIN, 18, 10
126, 127, , , ,  ,  ,TRUE, 18, 10
127, 222, , , ,  ,  ,TRUE, 18, 10

169, 128, , , ,  ,  ,ORIGIN, 19, 10
128, 129, , , ,  ,  ,TRUE, 19, 10
129, 226, , , ,  ,  ,TRUE, 19, 10

130, 131, , , ,  ,  ,TRUE, 20, 10

168, 132, , , ,  ,  ,ORIGIN, 21, 10
132, 133, , , ,  ,  ,TRUE, 21, 10
