182, 183, ,  , , ,  ,TRUE, 1, 9
183, 141, ,  , , ,  ,TRUE, 1, 9
141, 184, ,  , , ,  ,TRUE, 1, 9
184, 185, ,  , , ,  ,TRUE, 1, 9
185, 35, , no, , , ,TRUE, 1, 9
185, 36, , yes, , , , TRUE, 1, 9
35, 37,  ,  no,  ,  ,  ,TRUE, 1, 9 
36, 37,  ,  yes,  ,  ,  ,TRUE, 1, 9
37, 13,  ,  ,  ,  ,  ,TRUE, 1, 9

12, 11,  ,  ,  ,  ,  ,TRUE, 2, 9
11, 19,  ,  ,  yes,  ,  ,TRUE, 2, 9
11, 18,   ,  ,  no,  yes,  ,TRUE, 2, 9
11, 17,  ,  ,  no,  no,  ,TRUE, 2, 9 
17, 180, ,  ,  no,  no,  ,TRUE, 2, 9
18, 180, ,  ,  no,  yes,  ,TRUE, 2, 9
19, 180, ,  ,  yes,  ,  ,TRUE, 2, 9

16, 22,  ,  ,  ,  ,  ,TRUE, 3, 9
22, 23,  ,  ,  ,  ,  ,TRUE, 3, 9

181, 21, ,  ,  ,  yes,  ,TRUE, 4, 9
181, 20, ,  ,  ,  no,  ,TRUE, 4, 9
21, 27,  ,  ,  yes,  ,  ,TRUE, 4, 9
20, 27,  ,  ,  no,  ,  ,TRUE, 4, 9
27, 24,  ,  ,  ,  ,  ,TRUE, 4, 9

38, 40,  no,  ,  ,  ,  ,TRUE, 5, 9
39, 40,  yes,  ,  ,  ,  ,TRUE, 5, 9
40, 41,  ,  ,  ,  ,  ,TRUE, 5, 9

179, 42, ,  ,  ,  ,  ,TRUE, 6, 9
42, 43,  ,  ,  ,  ,  ,TRUE, 6, 9

44, 45,  ,  ,  ,  ,  ,TRUE, 7, 9
45, 178, ,  ,  ,  ,  ,TRUE, 7, 9

177, 46, ,  ,  ,  ,  ,TRUE, 8, 9
46, 47,  ,  ,  ,  ,  ,TRUE, 8, 9
47, 48,  ,  ,  ,  ,  ,TRUE, 8, 9

49, 50,  ,  ,  ,  ,  ,TRUE, 9, 9
50, 51,  ,  ,  ,  yes,  ,TRUE, 9, 9
50, 52,  ,  ,  ,  no,  ,TRUE, 9, 9
51, 176, ,  ,  ,  ,  ,TRUE, 9, 9
52, 176, ,  ,  ,  ,  ,TRUE, 9, 9

53, 55,  ,  ,  ,  , yes,TRUE, 10, 9
54, 55,  ,  ,  ,  , no,TRUE, 10, 9
55, 56,  ,  ,  ,  ,  ,TRUE, 10, 9

175, 57, ,  ,  ,  ,  ,TRUE, 11, 9
57, 58,  ,  ,  ,  ,  ,TRUE, 11, 9
58, 59,  ,  ,  ,  ,  ,TRUE, 11, 9

60, 62,  yes,  ,  ,  ,  ,TRUE, 12, 9
61, 62,  no,  ,  ,  ,  ,TRUE, 12, 9
62, 63,  ,  ,  ,  ,  ,TRUE, 12, 9
63, 174, ,  ,  ,  ,  ,TRUE, 12, 9

173, 64, ,  ,  ,  ,  ,TRUE, 13, 9
64, 65,  ,  ,  ,  ,  ,TRUE, 13, 9

66, 67,  ,  ,  ,  ,  ,TRUE, 14, 9

172, 70, ,  ,  ,  ,  ,TRUE, 15, 9
70, 69,  ,  ,  ,  ,  ,TRUE, 15, 9
69, 68,  ,  ,  ,  ,  ,TRUE, 15, 9

171, 71,  ,  ,  , ,  ,TRUE,16, 9
71, 72,  ,  ,  ,  ,  ,TRUE, 16, 9
72, 73,  ,  ,  ,  ,  ,TRUE, 16, 9

74, 76,  no,  ,  ,  ,  ,TRUE, 17, 9
75, 76,  yes,  ,  ,  ,  ,TRUE, 17, 9
76, 80,  ,  ,  ,  ,  ,TRUE, 17, 9

170, 81, ,  ,  ,  ,  ,TRUE, 18,9
81, 84,  ,  yes,  ,  ,  ,TRUE, 18, 9
82, 84,  yes,  no,  ,  ,  ,TRUE, 18, 9
83, 84,  no,  no,  ,  ,  ,TRUE, 18, 9

169, 86, ,  ,  ,  ,  ,TRUE,19, 9
86, 85,  ,  ,  ,  no,  ,TRUE, 19, 9
87, 85,  ,  ,  ,  yes,  ,TRUE, 19, 9

89, 88,  ,  ,  ,  ,  ,TRUE, 20, 9

91, 90,  ,  ,  ,  ,  ,TRUE, 21, 9
90, 168, ,  ,  ,  ,  ,TRUE, 21, 9

182, 183, ,  , , ,  ,TRUE, 1, 10
183, 141, ,  , , ,  ,TRUE, 1, 10
141, 184, ,  , , ,  ,TRUE, 1, 10
184, 185, ,  , , ,  ,TRUE, 1, 10
185, 92, , , , , ,TRUE, 1, 10
92, 93,  ,  ,  ,  ,  ,TRUE, 1, 10
93, 94,  ,  ,  ,  ,  ,TRUE, 1, 10

97, 96,  ,  ,  ,  ,  ,TRUE, 2, 10
96, 95,  ,  ,  ,  ,  ,TRUE, 2, 10
95, 98,  ,  ,  ,  ,  ,TRUE, 2, 10

99, 100, ,  ,  ,  ,  ,TRUE, 3, 10

101, -1, , ,  ,  ,  ,TRUE, 4, 10

102, -1, , ,  ,  ,  ,TRUE, 5, 10

103, 104, , ,  ,  ,  ,TRUE, 6, 10

105, 106, , ,  ,  ,  ,TRUE, 7, 10

107, 108, , ,  ,  ,  ,TRUE, 8, 10

109, -1, , ,  ,  ,  ,TRUE, 9, 10

110, 111, , , ,  ,  ,TRUE, 10, 10

112, 113, , , ,  ,  ,TRUE, 11, 10

114, 115, , , ,  ,  ,TRUE, 12, 10

116, 117, , , ,  ,  ,TRUE, 13, 10

118, 119, , , ,  ,  ,TRUE, 14, 10

120, 121, , , ,  ,  ,TRUE, 15, 10

122, 123, , , ,  ,  ,TRUE, 16, 10

124, 125, , , ,  ,  ,TRUE, 17, 10

126, 127, , , ,  ,  ,TRUE, 18, 10

128, 129, , , ,  ,  ,TRUE, 19, 10

130, 131, , , ,  ,  ,TRUE, 20, 10

132, 133, , , ,  ,  ,TRUE, 21, 10
