182, 183, ,  , , ,  , 1, 9
183, 141, ,  , , ,  , 1, 9
141, 184, ,  , , ,  , 1, 9
184, 185, ,  , , ,  , 1, 9
185, 35, , no, , , , 1, 9
185, 36, , yes, , , , 1, 9
35, 37,  ,  no,  ,  ,  , 1, 9 
36, 37,  ,  yes,  ,  ,  , 1, 9
37, 13,  ,  ,  ,  ,  , 1, 9

180, 12, ,  ,  ,  ,  , 2, 9
12, 11,  ,  ,  ,  ,  , 2, 9
11, 19,  ,  ,  yes,  ,  , 2, 9
11, 18,   ,  ,  no,  yes,  , 2, 9
11, 17,  ,  ,  no,  no,  , 2, 9 

197, 16, ,  ,  ,  ,  , 3, 9
16, 22,  ,  ,  ,  ,  , 3, 9
22, 23,  ,  ,  ,  ,  , 3, 9

181, 224, , ,  ,     , , 4, 9
224, 21, ,  ,  ,  yes,  , 4, 9
224, 20, ,  ,  ,  no,  , 4, 9
21, 27,  ,  ,  yes,  ,  , 4, 9
20, 27,  ,  ,  no,  ,  , 4, 9
27, 24,  ,  ,  ,  ,  , 4, 9

38, 40,  no,  ,  ,  ,  , 5, 9
39, 40,  yes,  ,  ,  ,  , 5, 9
40, 41,  ,  ,  ,  ,  , 5, 9

179, 42, ,  ,  ,  ,  , 6, 9
42, 43,  ,  ,  ,  ,  , 6, 9

178, 44, ,  ,  ,  ,  , 7, 9
44, 45,  ,  ,  ,  ,  , 7, 9

177, 199,  , , ,  ,  , 8, 9
199, 46, ,  ,  ,  ,  , 8, 9
46, 47,  ,  ,  ,  ,  , 8, 9
47, 48,  ,  ,  ,  ,  , 8, 9

176,49,  ,  ,  ,  ,  , 9, 9
49, 50,  ,  ,  ,  ,  , 9, 9
50, 51,  ,  ,  ,  yes,  , 9, 9
50, 52,  ,  ,  ,  no,  , 9, 9

53, 55,  ,  ,  ,  , yes, 10, 9
54, 55,  ,  ,  ,  , no, 10, 9
55, 56,  ,  ,  ,  ,  , 10, 9

175, 57, ,  ,  ,  ,  , 11, 9
57, 58,  ,  ,  ,  ,  , 11, 9
58, 59,  ,  ,  ,  ,  , 11, 9

174, 60, yes,  ,  ,  ,  , 12, 9
174, 61, no,   ,  ,  ,  , 12, 9
60, 62,  yes,  ,  ,  ,  , 12, 9
61, 62,  no,  ,  ,  ,  , 12, 9
62, 63,  ,  ,  ,  ,  , 12, 9

219, 173, , ,  ,  ,  , 13, 9
173, 201, , ,  ,  ,  , 13, 9
201, 64, ,  ,  ,  ,  , 13, 9
64, 65,  ,  ,  ,  ,  , 13, 9

66, 67,  ,  ,  ,  ,  , 14, 9

172, 70, ,  ,  ,  ,  , 15, 9
70, 69,  ,  ,  ,  ,  , 15, 9
69, 68,  ,  ,  ,  ,  , 15, 9

189, 171, ,  ,  ,  , , 16, 9
171, 190,  ,  ,  , ,  ,16, 9
190, 205,  ,  ,  , ,  ,16, 9
205, 71,  ,  ,  ,  ,  , 16, 9
71, 72,  ,  ,  ,  ,  , 16, 9
72, 73,  ,  ,  ,  ,  , 16, 9

74, 76,  no,  ,  ,  ,  , 17, 9
75, 76,  yes,  ,  ,  ,  , 17, 9
76, 80,  ,  ,  ,  ,  , 17, 9

170, 81, ,  yes,  ,  ,  , 18,9
170, 82, yes, no,  ,  ,  , 18,9
170, 83, no, no,  ,  ,  , 18,9
81, 84,  ,  yes,  ,  ,  , 18, 9
82, 84,  yes,  no,  ,  ,  , 18, 9
83, 84,  no,  no,  ,  ,  , 18, 9
84, 227,   , ,  ,  ,  , 18, 9

169, 86,  ,  ,  ,  no,  , 19, 9
169, 87, ,  ,  ,  yes,  , 19, 9
86, 85,  ,  ,  ,  no,  , 19, 9
87, 85,  ,  ,  ,  yes,  , 19, 9
85, 223, ,  ,  ,  ,  , 19, 9

89, 88,  ,  ,  ,  ,  , 20, 9

168, 91, ,  ,  ,  ,  , 21, 9
91, 90,  ,  ,  ,  ,  , 21, 9

182, 195, ,  , , ,  , 1, 10
195, 196, ,  , , ,  , 1, 10
196, 194, ,  , , ,  , 1, 10
194, 92, , , , , , 1, 10
92, 93,  ,  ,  ,  ,  , 1, 10
93, 94,  ,  ,  ,  ,  , 1, 10

180, 97, ,  ,  ,  ,  , 2, 10
97, 96,  ,  ,  ,  ,  , 2, 10
96, 95,  ,  ,  ,  ,  , 2, 10

197, 98, ,  ,  ,  ,  , 3, 10
98, 99,  ,  ,  ,  ,  , 3, 10
99, 100, ,  ,  ,  ,  , 3, 10

198, 225, , ,  ,  ,  , 4, 10
225, 101, , ,  ,  ,  , 4, 10
101, 211, , ,  ,  ,  , 4, 10
211, 212, , ,  ,  ,  , 4, 10

102, 213, , ,  ,  ,  , 5, 10
213, 214, , ,  ,  ,  , 5, 10

179, 103, , ,  ,  ,  , 6, 10
103, 104, , ,  ,  ,  , 6, 10

178, 105, , ,  ,  ,  , 7, 10
105, 106, , ,  ,  ,  , 7, 10

200, 199, , ,  ,  ,  , 8, 10
199, 107, , ,  ,  ,  , 8, 10
107, 108, , ,  ,  ,  , 8, 10
108, 215, , ,  ,  ,  , 8, 10

176, 109, , ,  ,  ,  , 9, 10
109, 216, , ,  ,  ,  , 9, 10
216, 208, , ,  ,  ,  , 9, 10

110, 111, , , ,  ,  , 10, 10
111, 209, , , ,  ,  , 10, 10

175, 112, , , ,  ,  , 11, 10
112, 113, , , ,  ,  , 11, 10
113, 217, , , ,  ,  , 11, 10

174, 114, , , ,  ,  , 12, 10
114, 115, , , ,  ,  , 12, 10
115, 218, , , ,  ,  , 12, 10

219, 203, , , ,  ,  , 13, 10
203, 202, , , ,  ,  , 13, 10
202, 116, , , ,  ,  , 13, 10
116, 117, , , ,  ,  , 13, 10

118, 119, , , ,  ,  , 14, 10

172, 120, , , ,  ,  , 15, 10
120, 121, , , ,  ,  , 15, 10
121, 210, , , ,  ,  , 15,10

189, 204, , , ,  ,  , 16, 10
204, 206, , , ,  ,  , 16, 10
206, 207, , , ,  ,  , 16, 10
207, 122, , , ,  ,  , 16, 10
122, 123, , , ,  ,  , 16, 10
123, 220, , , ,  ,  , 16, 10

124, 125, , , ,  ,  , 17, 10
125, 221, , , ,  ,  , 17, 10

170, 126, , , ,  ,  , 18, 10
126, 127, , , ,  ,  , 18, 10
127, 222, , , ,  ,  , 18, 10

169, 128, , , ,  ,  , 19, 10
128, 129, , , ,  ,  , 19, 10
129, 226, , , ,  ,  , 19, 10

130, 131, , , ,  ,  , 20, 10

168, 132, , , ,  ,  , 21, 10
132, 133, , , ,  ,  , 21, 10

611, -1, , , , , ,1,12

582, -1, , , , , ,2,12

579, -1, , , , , ,3,12

576, -1, , , , , ,4,12

573, -1, , , , , ,5,12

571, -1, , , , , ,6,12

569, -1, , , , , ,7,12

566, -1, , , , , ,8,12

563, -1, , , , , ,9,12

560, -1, , , , , ,10,12

557, -1, , , , , ,11,12

554, -1, , , , , ,12,12

552, -1, , , , , ,13,12

550, -1, , , , , ,14,12

547, -1, , , , , ,15,12

544, -1, , , , , ,16,12

541, -1, , , , , ,17,12

538, -1, , , , , ,18,12

535, -1, , , , , ,19,12

533, -1, , , , , ,20,12

531, -1, , , , , ,21,12
